24.66
24.66
24.58
24.66
24.58
24.71
24.66
24.58
24.71
24.51
24.66
24.58
24.71
24.51
24.53
24.66
24.58
24.71
24.51
24.53
24.51
24.66
24.58
24.71
24.51
24.53
24.51
24.53
24.66
24.58
24.71
24.51
24.53
24.51
24.53
24.51
24.66
24.58
24.71
24.51
24.53
24.51
24.53
24.51
24.43
24.66
24.58
24.71
24.51
24.53
24.51
24.53
24.51
24.43
24.53
24.66
24.58
24.71
24.51
24.53
24.51
24.53
24.51
24.43
24.53
24.76
24.66
24.58
24.71
24.51
24.53
24.51
24.53
24.51
24.43
24.53
24.76
24.74
24.66
24.58
24.71
24.51
24.53
24.51
24.53
24.51
24.43
24.53
24.76
24.74
24.74
24.66
24.58
24.71
24.51
24.53
24.51
24.53
24.51
24.43
24.53
24.76
24.74
24.74
24.66
24.66
24.58
24.71
24.51
24.53
24.51
24.53
24.51
24.43
24.53
24.76
24.74
24.74
24.66
24.58
24.66
24.58
24.71
24.51
24.53
24.51
24.53
24.51
24.43
24.53
24.76
24.74
24.74
24.66
24.58
24.71
24.66
24.58
24.71
24.51
24.53
24.51
24.53
24.51
24.43
24.53
24.76
24.74
24.74
24.66
24.58
24.71
24.58
24.66
24.58
24.71
24.51
24.53
24.51
24.53
24.51
24.43
24.53
24.76
24.74
24.74
24.66
24.58
24.71
24.58
24.61
24.66
24.58
24.71
24.51
24.53
24.51
24.53
24.51
24.43
24.53
24.76
24.74
24.74
24.66
24.58
24.71
24.58
24.61
24.46
24.66
24.58
24.71
24.51
24.53
24.51
24.53
24.51
24.43
24.53
24.76
24.74
24.74
24.66
24.58
24.71
24.58
24.61
24.46
24.53
24.66
24.58
24.71
24.51
24.53
24.51
24.53
24.51
24.43
24.53
24.76
24.74
24.74
24.66
24.58
24.71
24.58
24.61
24.46
24.53
24.48
24.66
24.58
24.71
24.51
24.53
24.51
24.53
24.51
24.43
24.53
24.76
24.74
24.74
24.66
24.58
24.71
24.58
24.61
24.46
24.53
24.48
24.48
24.66
24.58
24.71
24.51
24.53
24.51
24.53
24.51
24.43
24.53
24.76
24.74
24.74
24.66
24.58
24.71
24.58
24.61
24.46
24.53
24.48
24.48
24.51
24.66
24.58
24.71
24.51
24.53
24.51
24.53
24.51
24.43
24.53
24.76
24.74
24.74
24.66
24.58
24.71
24.58
24.61
24.46
24.53
24.48
24.48
24.51
24.38
24.66
24.58
24.71
24.51
24.53
24.51
24.53
24.51
24.43
24.53
24.76
24.74
24.74
24.66
24.58
24.71
24.58
24.61
24.46
24.53
24.48
24.48
24.51
24.38
24.33
24.66
24.58
24.71
24.51
24.53
24.51
24.53
24.51
24.43
24.53
24.76
24.74
24.74
24.66
24.58
24.71
24.58
24.61
24.46
24.53
24.48
24.48
24.51
24.38
24.33
24.28
